$ANSIBLE_VAULT;1.1;AES256
61616437616535396332633965306561376537366663353235613765306235343838343536366238
6632633238393430343037383333643063303961663531390a366466633362316432353936613937
66623832313964326532616133313736643962356335656236303239333239653634393331386665
6566393164313865340a313238353237636535633636383962663431356332636433343535383761
61616430346535393164396565326336353638613234336164363666356266393565653864626438
33346535326165306161383439306239343434656562623264363164386430373561636166623062
66386637613363666361366433343733376637663330356266646238643666623632653131663834
39356562343230396639383361656563393466376564353062663335383863326461386530306433
34616561303538386463636264323938666634333137376362373231316565663861316434313862
36356539616431303064343465333338393631343665633761333361386539343561643565393761
63666135393036366535653665313035623135386330313366636637666439366232393730363631
36363134623861653638666161353739323732323432613464626561373861313530633164636137
66333734623839366238613864396633313064383639333234313563653039343736616166313865
66363032383739366330363764353335346361386361303236356333343363363639613636646164
37323431663033373333613965383864383765346430313433323462353766323766633337393539
65396362356361663230323732626265323833623563393564643963323161346634363163313764
34346431653234316532323630646335633961353065326333306262373663316166373261326365
37626133643534303263336635613132666362626662353631633436653934326137363566613334
63313733353932323665326265376332336532306136343935656661626530393562623262333033
37346363323232363030633939613833633834383533363334616137303933393134326532633436
62366231343032663161643762303439343835343062376232383163353639343836316162383733
39373632383465666434666464346632653236336462316366633731376435366530363662656137
32383733653935356337303363616334383235316339376334646538363631343036343635326533
30623831393634333166636437613363343235313261656566393731623736313534323834363866
31363163373235363261656561386264353933323962333264663962323164646638353036353633
64303738336663343735626662376563383865393235656432656465306636303062633632313636
62613535333632633332646135646434326531303737666336363239363365396266666132633432
32663933653634393830306634396230366465346134343238363937343038383863386530643631
61306466376431393364343665666339386233386339356435313734363037656633343538346561
63313463333532626530626238633533663438386431656562623465333130666661343033353564
36623135336636636437316534313835636462653233633034613338343631353637366266666337
31396536653965393739616133333236656363383537346365636336353564316337333231623331
37313935353930373635616236316536343930366333326562363934333239633931306463613265
66633565333966636161336432633963646335616361303365316562373664356333646531333838
65633665633061623563336531383434316363396133646434656330333438363234646465366139
63623432323733616362613235313563653830393665643365623137623164316162383138306338
33626466393730643532396566383030613831636562303266353365646265393561316563363835
62373436353635306565313735346231643233303862616437383939306233303439336233646635
36313437323539646139363534376266323833623063393934323562363663376363326466353461
62383762356237353339623938353839363763623463666239656162373632623266616163313537
37373265623632666463323262333433663362346531353532646539333739326434346133323439
66623633643334343336333534333163386434396339383764613538303563663036626162383937
61363538646663313837626364376336356162613464373865386266373162653665383666633162
61396466316134393961633634366431393530646233323839396134613061333434393033373063
35363034356231326630616133323865326265373266386136633364393235333466636237323362
64346236346634396235343963313466343034313838613533363433383630316538383237303964
39386364396565366264353234383836333666656365623734663632613663333933336430363932
39396637656164383563646465616664383134333831376237383537646261336235393763666632
38393935316565313034623636653763303132623635643466373431306662343234366664363261
63633337366164323535343336393261653233643664383837653639306531353130643330333766
66323535336466303338336264326265316565623064626537326237393435343864313236653061
63363261616334373732386533303564356139653666363165633239623536393131333234386236
38663639656634396262653435646630313839633332623932383635653135366566613263666634
65366432626566303063613464303039653636333736653638336361373432656635613865666564
32346234383436386236333431623464623463633435623262356630326266346134333365653531
36363234326562636261303838643834343538656464616431646238643830333566653463346239
33633939626233663133376330336366643762316331303436396439396330363530366230343637
30633134383662313730333539363935306263663338633466663162333562633632613062666561
62313438313439343962626533666663343365316233313436333165386536633563383934326132
36633963343535646534633232386130613035613336633237626137383634326232303539663832
63386232333833303164646139626636646336636262613661643939396233356333346637643133
38623134326535376334393638663038323637393133393163613036653966323437646630336238
32316639373634383066386333323538343935333436643461383231323036396166323530393265
63663062323134363230343230663364353734613632613862623934363834343965323735353433
32393238633433363861336461653135303439396636323934353633643837313835663261353164
34336461313661393762366461396562616362303030306538326330313432653833313564346634
34353139366163313436623135313062303164363066343562653563623333333331306331353166
31326566363633353331646465336237323664653464313635346334376665646433383930656561
30653134336532383835386435386238356133396664613233336638393963363736366231656135
64346165643134303133313338646138316565383739343730373438363633333230333334646233
61333535353237653339613137363265376133373937616631613330356232356636643531343337
36343766356434336436623134623366366134373565383562313666323639373538643862646133
64393939633365376566646435353563663235386538336438653162366133626237333034336633
63653066666139346637316663313264323764666566663736386231353138393465396362386136
39313838393737616163353439313664613663306432613362666230303237636362653737393963
35633139623737386438333931656239633663336464633437313966316161313063663164326339
63306336366337386664646537626562363336353836343762386362656366633434666138643563
65623636323363326263646164623561373865313230393237366161623332353161373537363162
65663464366564663737313037306664373236616565373637626335363563633133386130343362
65626363376632643338336336383135623765316236363337643337623032353538663132653735
32386633633934303234323837363238343737303431373665623561336265343634373762643531
31643133626234656662653561616536393134373033633062373938306338623034646532316565
30313233356339313133373531393866303830663330316330373134643234666331366438373538
39396333306166316566303063633737656338313832303938623061646537663030623130373362
35363264663339363331313864313164633764376664643532623430346439373436613935386561
38366332336634643762613761346464333634346662616462353330306232656264313233626638
30353738303332323937633165336466336265303232643861396133326466356236383134343861
38646432303035666431336464333630396266653862356162363133333532303336633833366438
62333234636533643261623862376233353732613733356332396434313732323436373462383335
32373366373035616261393562303130653365666138653637393631626336306532616438633932
62626134633362363036353763663865316465353962663362393462333465333635356165363538
37653735383266306264353736643833613739363438333262343062666131353662363534343235
61396131323134323435623331393730326539313961376633333266626165636333646163323462
36386337643965623637343562376363636332333731333632376230316563633961613832303135
31363933316235323538393961643963643463393431323232373561356236373130343061663961
35643261626532383138646131343363636432646139653934343866323131313939323435303833
66303434346238376532636135393833336461613462396362316638643666313536626433643663
65356335633464323366326538663263376461623261663138373162646465353561656133313230
30323061313363653036653364333265616162616366626130373736643935333236346664303232
31626332346139383361383466313137393237663138646634373036623635343562323761343730
65303461613036386365323266386163383337653333666462343139376635336235663164613639
65356639656430643361376235363439313438653435363937663032366461396331633664613337
64633634666630386333623563656534343632656166326135623861363830636130333036623766
37303735336537353161323065616165313063346438396266343930356263393963356464303730
63303038336137396164663533396631653131346262313532323962656362396134373234363430
31626464333666383233383338363537653035376163396362616533623731643439363132333937
34336264656463656638336461373963626164396131323761623339643266383130346233646233
63343163393032366638323562636336333365346265393363613531613133633037363538333234
65373631616339333837663162346236633464343737663138313437316436363730313063363534
37633032626131346664626366613163366266353565363138313031336532393734613562336363
62316164663932356164333034663131636537373031663232363834333733343365333761666434
66656633653661376665336463303033643038616562313964323838323234636262396538623233
32616130366639633535386535633239363263616233306635386232383739326630376530316665
37633639353030333837356461373630666233323134316631313531656136643434313432653836
34666639656538383663363462633637356638356234396139656234373730666535333035616636
61343838303337633161666661336235376566303266343864346162383935343565363135613436
36323136313039336236653537653534656336666464333437366161653931376166633430356564
30613034646331356664646337343139356262663031663538613432636634636534346561333766
35663133356139636661633737396264396166363930623636393130383630663035616336653162
66663665376532363737616365613233613232383031396439376335623962316332343237343764
34356335373334343439356630306663393664666536373937633830663539383831313839313830
38653762383734386565653761333665313132663136623330373163353764653266383038323038
65636366376163633638646135333366653836663230653739343237656162396634613234383236
39663639626563646266376638626439353063633863333061386239353435323961623438343863
31396331343638363837613864303632623230653332613832613766393038343135333339393832
65336632383533366439383038663834333539363735313232663936333939313330616237666632
62393162653534356232666562643261366531643439666535653534613233316135623164613462
64303933313865386239346233316136663837666637393530383236626132663332626334356365
62663636333938323263623135663165656564393166366161636664303538323865366633323134
35613963376531326464623738343561376461373364353464666533336430643532366362666538
65376638323639336561666538346338376136323963313433396161646164393131646166396533
30613033666437656537623930383734623931633737623336396333396461626261613531613563
32653062323237636462343039613438666530353331643132666537393563646131356263626262
38646663663661303563383239353035303232373433356465326439396163663261306531653666
30333266643438363366306433326535623265333731353636613538373765323536366137646262
35396632613832356130663939346232333134393161346135623165333063306261386235626361
37313333616262636262623239363739663563326662373530393333633937346436356161643163
66653939636666373234323339353137366133366339353131366239313131323265323165343236
36383735626464383738643163393763663434336634613664363361356339333261636137623164
61636330333731626534646461363733653536646532623864636565356335373361346335663536
65376137663930393661326633653465393463336562373265636137343732336339653561666163
33316366353565396635343934613033313034323533333265313539383130396139633365353136
63653734313332363339303463616666643361623263623665366233663962613438643661306463
39613133303861333231376662383566373266346335636666653266613132313263386361343765
36323636646534626639333562383633343930653233643334643931323736666439353635643432
35636532303462346133313965363330323666336533393539343764303566376432636465313731
39636566323466353838666239656137333562316566333533383730316239663632646539373561
36336264386338666362323038386235616330353733383331613363323736323262316538623736
33333238393430306565626361353066323862663635346438383364323931396430623033656231
31346161373265373139616262393939666538396435356461336232306166346334646138386164
38376434303862336433623035663266326565313337626534363662643530646634336166643563
64303265343937323138323761313036333463343735613637363232346566313735363830623864
66396630343563663338643832636164613238616439393734316162613830643434663336366130
65333735373864313865653430336536386637363362316435363161623035666134636335656263
61353734313165326539383638353463386636646534373166393532613933353266643261353261
36643662376264323532613335623564323539306236366531613535623235663435386236353136
38626439333833616561633237303761326532316163343865663737303265333336656333653637
61626130336166663433393665353037393639383534393130363738636337323166386632366630
65386562646139656163326463633330303239323265333665623762613761316136636430616365
66633366623235336264376634383763356639643964616235333438376436643566353737353637
38353536656635663035346665393633333137663466363039663230656536653832353832623632
37363433313230353265383265646139623638303130393836313864656432383262323334336165
61323665653330656131636234626461346233306235623265656631663333643531636365623838
37633837633261653636623465363738313735383064363438613136633964323239323638316634
32363865613065663238633737343832633664623331303761636438653435323663333534653730
62306530643865306131393137356437633833633562623730616361393436633637303838343836
63653237393033326561336630626438663764643066303037653835636339613933623866646566
61636436653837366261386133303336366637333130353565303330336430323335303434616634
62666261326364393135326335616639666239363430323336306136623438386238386165346135
32353530646532613836386232613866376264386664616234643934666234386334653731313433
62323761353366313265366166373132396662666135633637656533306465666132656638356565
31313566633664303265
