$ANSIBLE_VAULT;1.1;AES256
63653362663163346239353533396536306430306164396464636131333038383530333663653530
3864333731343466633466616563323965313166303637660a646438346638323634393831623664
32303461636232613239346238356465363533306430326231316531323261333432623839646538
3537636434623264640a613361373837613666396134666631656663616662623533353763613463
38313433313966663566323739663865616663643263663635376435313930383630666163383463
63643538623632323639346266333134323730663365326434653633303666633030636131323935
37373238643563613262316266336438616531336530646437373766353366396138353037303933
33663864323166623134373337393035656635626161393336653635373239383230343436646130
64613763333261626331626135643832643961336666613862376462626537653832373536626163
66383834376430326233333037306339646432343563356661323431653436656662616632666437
32663137663764636236303366386438633166653862616136306431366339623630323938313165
63303436363135386566303931656330623330653962356234313834393639346131346238663236
37653362366230666262356232323161303038346231643662303332366265303666623037643134
64663664663939303936393933643865616330366630373833346461613635663664656237326536
31623962613032396530613139383032623664663935626138386631313161636662633939623564
38366532623262626339396637393235393762336666346438623332323230613933613434353065
38346133653730353632616632376162343134343331616261363363313031353763636461363137
36393631663932353363376131623539656135346135356163353938306132633661363734303933
32326138633530313466313863393664336161323933663035303737323631643633373233316239
38393564306263636163356638646330343039653838613234343230666263396566326264333261
30376138303838303761613962353136373762396638383834316462386564356139333161373130
37386164383831646138643264386663353266363266663838636239393764353738353832333731
36366638353233376332643133626130396137396334616465366539643561623433376532396432
30396337613065366634656665356238303961333362366462396162316565356333346433613136
62316135626535356532333561323431623134383130343436646534636363316536363433346537
36316131646664653837366566336161323765333732363837373131343566343337613363383339
32623530333763306536333063366565313930323835643562303165363937653665636135303566
34633732323735663838666136633766326132393337366631313663383132333136363035376236
37616237343337303065396134326332386637386132383061366166633730353735316335386638
30326533663536386638336664313263366130366330316162633635626138633362643939386331
353765323662636531633135333232353134
