$ANSIBLE_VAULT;1.1;AES256
34386537653930373164333165363536626339656334376139316264343364626462643663326430
6537616430653462333565343066353636333139363133660a646533656166633264653362663466
32323633303862653436373234313637376262643734366665636135643137633466393465666663
3562643033363435640a633966373534616334643131373437376233366332383961336635343462
33366266623064656432666164346435303462393461613538633137663366633636633830626166
64323732613566616432613662646431613964616337383434386234633637393762326338393565
38313364373438623366393865353666653363323663333939386565326361383937656465363561
31386632666161663231333939613331303933616638643034383633373039303162373636343337
32613230653337323132643164383637653533333138396231636236323631376634323130663637
31303339653066363437363335386235336433636138323932663763333366396539393532306166
31386136633231646430303963626335633338336536643934383730623561646361333562383763
32633939336236313862386366393737653562303063326564616438616562333934326166633562
3130
